.Random.seed <-
c(10403L, 184L, -1296137712L, 1407144016L, 202071821L, 1959149213L, 
-950288960L, 1956938990L, 409893663L, 1771946988L, -449183865L, 
-547635957L, 1419783782L, -1305567734L, 1206415910L, 939280857L, 
-1999484695L, 1660314241L, -183446056L, 596135104L, -1753232836L, 
-426588173L, 1139866501L, 536312585L, 1582710239L, 1860068538L, 
2047296215L, -449108066L, -1496882616L, 1579755319L, -1866368711L, 
-1096081869L, -1654899352L, -901643178L, 820797395L, 609358268L, 
692681749L, -1588743979L, 1686888703L, 976563804L, -713347833L, 
-1564380574L, 1762805145L, -1566153372L, -1177348860L, -666295980L, 
1851105614L, -1179487351L, 790708811L, -1334724784L, -769811439L, 
202157021L, -295983376L, -1003165041L, 523551985L, -746908415L, 
385799245L, -2134922375L, 384344132L, -1854334305L, -216905592L, 
-1398815462L, -154825007L, 879772002L, -340872477L, -467135198L, 
1728141027L, 2058021536L, 319439714L, -1249938974L, 2116633086L, 
1163701594L, 811908426L, -562462898L, -1530051462L, -14597783L, 
237470512L, 1605430183L, 1999723683L, 969534008L, -408306599L, 
-1887033914L, -1503459530L, -1716219942L, -2120288769L, 1982689828L, 
-109606161L, 2019140472L, -328893738L, 768749841L, 951093940L, 
-623216610L, -472762158L, -1398183559L, 1060783315L, -184943354L, 
1938605302L, 1275604449L, -1443956493L, 1729710325L, -1562362L, 
2032365399L, -348479987L, -494081317L, 1519684231L, 1738293592L, 
-1125856548L, -858234633L, -163498037L, 2084685529L, -1592971274L, 
258682108L, 1589523039L, 1001376101L, -1867237536L, -546672469L, 
1305086558L, 1446629850L, 142248322L, -521738335L, -865377084L, 
-37324625L, -890399950L, 573347328L, -813310198L, 833427610L, 
-33693724L, -1494737490L, -636884745L, 1397840545L, -314976967L, 
-1463975447L, -1973079177L, 285754168L, -764919800L, -549054156L, 
479605848L, 1924983766L, 151182564L, -1792692278L, 2042220229L, 
128242609L, 807190756L, -970912686L, -1592692122L, 1523859604L, 
-240391413L, -712503436L, -579846633L, 12916265L, -299827506L, 
-1334783001L, 1041860204L, 1927370477L, 1133972918L, -917014729L, 
-1953326322L, 1383948422L, -261868539L, -1287656921L, 516440067L, 
-323931209L, -672965935L, -1919874492L, 1035516737L, -332402972L, 
-1822853474L, 1552218820L, -27086417L, 850867890L, -1608752050L, 
1340552396L, -1064560076L, 593829309L, 1014631456L, -905560348L, 
1099398043L, 687274406L, -2081377075L, -1595416728L, -469371461L, 
-1928515668L, 503312984L, -134444282L, 794450448L, 517817564L, 
-1470088848L, -1603600710L, 818463240L, -1784858105L, 462359266L, 
-104375582L, 1616731321L, 701872129L, -1057608253L, -1171030038L, 
-603089632L, -272847904L, 1387815492L, 567768424L, 1384015045L, 
-2094109118L, -364336096L, -226375241L, 2130864479L, 1353896166L, 
-1760037828L, -959454880L, -1165630839L, 1338197945L, 212600019L, 
-2135734687L, 376476946L, -883977879L, -334442068L, 175744017L, 
-720436776L, 1113337104L, 392545468L, -87731934L, -1079125432L, 
1676545920L, -1020092814L, -1719204027L, 1713481406L, 1741366627L, 
1162371841L, 1781796210L, 1575508730L, -1956422588L, 2126552919L, 
1689537029L, -1874976930L, -371238733L, -1695585829L, -2038761316L, 
-201033219L, -141019601L, -1649588581L, -1080895547L, -1319185079L, 
-1473839774L, 1558625937L, -1997834847L, 400681472L, 1619356538L, 
708179896L, 1268830755L, -36673338L, 1047710380L, 603186696L, 
-1660609949L, 2017003306L, 1410270057L, -1458209376L, 90755310L, 
-678264544L, -1452901105L, -1721460627L, 862901452L, -651740392L, 
-980691802L, 766790779L, 1688573585L, 621791093L, 1164550669L, 
611083026L, 586084846L, -2051489790L, 1728993807L, 1293128457L, 
1363914775L, 1836883134L, -1552451941L, -1980349270L, -2023312143L, 
-1184595239L, 1180354333L, 800742729L, -1716654285L, 244757311L, 
1582283784L, -759710927L, -1389437183L, 2042540716L, 278377223L, 
-1795163L, 1760224057L, -305665336L, 1133709831L, -1594065513L, 
-348511087L, -769778923L, -1405068062L, -1711056845L, 332268016L, 
595272620L, 314314392L, -1049212990L, 803615187L, 1639138133L, 
2112543908L, -100205857L, 2143339537L, -1687374919L, 848193658L, 
-1179946643L, -556273180L, 1062180483L, 2068032905L, 2015587803L, 
1035706367L, 1027044730L, 1415316912L, -1104657989L, -790852335L, 
-509810407L, 756718098L, 618424728L, -2017896953L, 1738265026L, 
1936487438L, 1914495048L, 722586405L, 453414326L, -1007102027L, 
260819985L, -1020894532L, 1818554943L, 171100760L, -1640863946L, 
1369573097L, -1475066082L, 1899257850L, -2054721111L, 709511221L, 
-1674756301L, -612729699L, 1547179348L, 1575815819L, 120256072L, 
-440471192L, 1172711632L, -1137360680L, 1262505962L, -1119324775L, 
923349034L, -2013747794L, 31788058L, -351248261L, 980659615L, 
-269135596L, -1367087839L, -1817885187L, 974309980L, 802610495L, 
-1912048770L, 2074751069L, -982564969L, 1880737059L, 1721823290L, 
-140992387L, 2061714864L, -984972430L, -1292110493L, 943002043L, 
-2074851445L, -951286709L, 362951263L, 1450303620L, -628282521L, 
198674047L, -979872276L, 1901052986L, 1318526336L, 558919636L, 
482945871L, 1322835947L, -1552322938L, 721422805L, 580463004L, 
-1338170160L, -2105610578L, 1127174918L, -1793098153L, -1613460749L, 
780231550L, 935419283L, 1350908867L, -1237186191L, -547719441L, 
-912011952L, 1998840406L, 1454674158L, -646109470L, -2136790471L, 
276183028L, -360481726L, 1760425218L, -631034093L, 895628629L, 
-1425867420L, -2001813654L, 760711914L, -1170503452L, 893173370L, 
-838880888L, -1521129940L, -1858584024L, 134381795L, 926586665L, 
545073715L, -1372585052L, -683170397L, -985393764L, 2029566463L, 
1273167734L, 287888910L, -1215560882L, 1043584184L, -1110794840L, 
-1332300739L, -963525699L, 237979169L, 1651259211L, 16036026L, 
-1659036179L, -1773890112L, -1487158406L, -1295186291L, -1796888863L, 
1798083578L, -1412954178L, -835591709L, 906526512L, 957504511L, 
-1407747260L, -1099357336L, -224702660L, -1635045816L, -692615524L, 
752664833L, -916057582L, -1346528530L, -764634786L, -1577587421L, 
1228328055L, 1021322474L, -1304133007L, -1554088836L, 134856564L, 
981241087L, -1003396285L, 224842927L, 573046451L, -1746450844L, 
1990836L, -119529647L, 1790871857L, -1523492838L, -1595843705L, 
-1372316274L, -1734927900L, 620666211L, -614189524L, 1059205417L, 
539432732L, -347125003L, 1735560353L, -1829730896L, -197977565L, 
-135968059L, 211913803L, -441108934L, 542674386L, 296970522L, 
223471071L, 2143646293L, 1484598324L, 1411248860L, 654116870L, 
-156663400L, 91181979L, 222862808L, 312478399L, 1378677756L, 
1324086672L, -897777293L, -307120002L, 462355022L, -412745691L, 
-419767634L, 1657785026L, -565529037L, 705200642L, 2044249670L, 
-975999152L, -415382744L, 1894021149L, 1729739065L, -44980274L, 
-1120693031L, -951040744L, -1796881272L, -713660161L, -1860395095L, 
-1967159969L, 1541855946L, 939371412L, -587330486L, 252180103L, 
667005618L, -1223797965L, 88037297L, 1331934597L, 683121596L, 
-1296564732L, 1028467752L, -1482635296L, -602972843L, 733021971L, 
-1194434254L, 2111788881L, -528538964L, -583695458L, 1512694005L, 
-424756563L, 430296772L, 612149080L, 1619523360L, 1682000409L, 
-1166044080L, 1962254899L, -887196301L, -950197411L, -64980771L, 
837939524L, 1201316400L, -370328317L, 1733236339L, 293295642L, 
1092544076L, -644478663L, 589177842L, 1478419658L, -982486305L, 
1266905337L, -1963799945L, 1011137059L, 778743183L, -516880707L, 
-1755203236L, 1709439881L, 1149869916L, -699123358L, 1540304895L, 
-515756175L, -1943701708L, -2112502540L, -97370660L, -1267380890L, 
1947171585L, -2063690890L, -313223630L, 107104856L, 27532913L, 
103589895L, -258297974L, 1925058218L, 1037769298L, -177550551L, 
-899335919L, -727877736L, -1606045953L, -1311998652L, -356423418L, 
1576609072L, -1543415680L, 1194774492L, 1387330362L, 1476563645L, 
-1443802650L, 1681873171L, 2019379524L, -1003017170L, 161487957L, 
-982242304L, 1438177446L, 1070336953L, -896017962L, 1910971096L, 
-263258536L, -1035247213L, -1562783816L, 654284637L, 1353254283L, 
-1966544701L, 583531528L, -950798677L, 494024777L, -1907911518L, 
